$ANSIBLE_VAULT;1.1;AES256
39376639616561396261386632393262356134373834643762633930343636323136623331333031
3164346262663566643866303565303536343031643938650a383762336163633764303833303538
33633739636234376365663965303564316635303439663961363332373438653866343633363237
3032323766336137340a613634643539346462666235633764396466666534303133306434613437
62363733393034666562663362656239663263353762623365346530303239643863653531373663
38343830623631366464333333363238613966353366386332383863373136346634646565613639
64393639386234376462656534363635666531373834353438646234343339336566303338646331
39663838633966353764303336366663393735363230353233386638316338626336303133646466
31393636313738383366653934343362613736303133646636663830306262393431666266306637
65663338306334643733306666656163306466353463366136636463646532633061373138663764
35356665666466633439336132383334313435353836303539633433643963363164313364346261
38333564393664336638646163613435643761613362623737373366663265623964616636613964
30356564386532346333373032313438633633343433623435396565316632613138323432383266
38343866326238363162363462373165346537663630623561663639626561303731633034303030
32306363396662306164383237323763356334653837346333393639333331343531316665333231
62353034373963353563333930653439383562363461376665663238306265336130626537373336
31343434623030393665643139653661393539356565613038383038366432623566323631663430
64366333323736633639353231663763633764343338656265313034336361353438353762323064
65646366656639663933663538363338316539326661636439626635626233363737616562646162
65363462366136653063323236313634363564383762613533386231313132366265326362313662
34376232666537663839363862383766663163303865663763623739333136323636633934363631
37313061653936633737306466666364346336303762643765623266643931316137376165336236
63666564633335396564383330663332383738376636663861356536353631663437336461653565
34333030316238366663363930393061343934633466333437613262366366326534333664386332
63393061376466356661376332653835313766303833383164353932336536353065616536313335
32646465633933633262316235663933386264303761363138313765633735356662633461316663
36633935316638653338386464633935613433666563396163373234336332623735346164396434
65643364363630623866636239323837323038353830366231626665326230366631313131306530
63623166303338303337663233323037326336616264363334653562353033396164363736353862
34316165323934353661343366396337383664616135396461373033336339313163633130336535
36356332396564346239393465383537333231303562646166376531373338633938616163613830
36393663363166666138636637643738343134663733626538306336663234626535653838333637
30643038623430333664356562383032383735393838303263326430386539653630316633303631
30336161366261656565613338376131646632643264366630623230663039343334336561633030
33313831353635663262663239663336646464393534646530373164326436623038316532666366
36393563326564656631363435316331393333383934303161313534313736373537343138336432
32653239306238333166376466346238303564373663383836366531323639373363623535386532
63393533636138386466666638633662366131393338303562623833393331313662336535643538
36383562613630303465663461643632626330653738353939306265363964623735313631373064
63636663393563663463346132643335393635313733393033333433666430366537373965323634
66623165386138353634353966646639393234303761326136613031363333303530313861636363
66393735343134366535333234326465343462646261336339333735656564626134613135633230
63303666303437353935336264626236633062373630356538303030306338343462616138376138
37626537626463653463653538383637393963656265303334363761643962666437326331313664
39336437316331376434393039356139643163653230663733323633326366613263363666646339
65613630353737303334376639373064366665633135623961343038353731633531373036356534
65303566653134386337363935623239393530386438383439356335383435643833306639346665
62613365373539323531396166646162356638323638353337336533623133386630333336663136
39376332393636633461643732393636333831356532363361373736306438356535333834663338
35363631326334613330656533363632373637393832643239626630653166616135643631306463
36636332653439313132653539616332363039323262366632663964333436666364356537663635
30373261653061663138343638323038613865333935356636363937376336383066643037333630
37316137356332623632393135393430333631356365633339653963363835353430336137336631
35343939386366666532386631613833356262356263313739656233376438363731623532656230
36333732626431623834376631353336663032356364633439636438383966373532336636633339
62323265343632653639613062386137613763616461666239653630353931306263643331303531
31313839363034313734656338333335376134316135616337613239316363643738653838343861
30333230393532353332336566613139636436386230306537323233616536633861303033636532
34626638646134356166336165373264363733356439643433373038646638373334633264643336
31616432616534303162386639656666333433343266663166313538616136636465333937373464
63633039306166663338636161363065393138383938633535303362653433396137613236363933
38636339396266656132663039616465623632626433306136356631636130346461333165316137
36313464343666373834646433643532666161623836356538313337346438373637313161376261
31366333636330363337643136653032376137366661346430653339616436343764653132623730
31663531643131393830326465613830303630383162373962393163643133323861353332623832
38343731396230333438343836306466363539316432633862643866616364323135366436656433
33643132616161333766386366626134323332343131363365616665323132393939326564303466
61306636326630363136396633656232633436656639383863386233343036653766326536323632
61386135386462303763323038373235346163363539633664623366303939643132386135323061
32363735303164613366623438646432343535396566613266663435353264653731376138356431
32346334363936653236306633376263326566316434313134383835613234396638313765653532
34303961653435346362613065643237306634626464616565626639633636623032323831613463
66323238396164343136313263623566393833623061393435363665326233383230663930323539
35353633393438316137353265383163613538343661643061386562636230393666393763386533
62323764626564386661666632323131313364656436323663396232623338346235316466636533
30323431383631646431393962303430346332393863623333303737366638396334633462333064
39396638616230663636356538323332633838636335353836366232643633326534326530343462
63386131383834643664303232313863376437613061393263303636646465353762316136393433
62363661313162626564366233653930333361386134663037373664386465333963323864386530
35646132623133353137313639666234663537393463303433633834366630373764323061376137
38353435646564376130373430316632626635643039386566313166323464393566303135643565
34336165336634343336373338393366626566363132383963616432313831653536616364393739
61353039653333643866653163656333333030323232353961383535393131613130643361373332
30656139383834623731623065303031303963316233643561663737646632666637663364343132
34333638393331336664353465333031636132346163323165323339613064336261363665396131
64386334333165373833333537656134646130653666313032653931663334356638653464366265
63623139356132326636343565656433613739626333353663396262636165623934646532653365
39373932353939366164633233373864616161616237323832616331666133323864653031353263
34333438373231363531323131363639616638323435613731663238373534346363653932353738
32343135653930653036396566353332353531373261326333323437336332323238366532343635
39613363373231623565386637633139303433616439363031643137353263623730663137346132
36656436626461613235636633306666386665353461636230623730336532666565393935313763
35393634623537303037363765373933383065643031363065393863366662626364303038316535
66396133343039313563633437306331633739333338323162336666346566646264383736306532
30313434346133333165373066376532323634613833316433666635346334346166383736383135
37343037396462616166636363616464636334366432383338633131313861386262666533666437
63643762653065386639636536333266343463633662653134326336326463363762343139336330
39313835643135376465626335343263656633626433306365343966343836366562633361353433
34613434393336623132343265363231333865323631633239336331373333373264323430626365
61333833636664623738663561333663623238373861663939363364303233393137326439376138
61333037663539383934373461623530373663343234386235636137643363386432333534323233
36336264623032633962623635343865313636323034353266393766353732323862313538373430
30633230326663656566656135393461373635626133363338383366356637663332613930386361
36333433653235636439373363656439366431613134613430383136636535366637393537376532
32343766306331333137666435623465656230626231333031396139383337343137616636326666
32343639656639333536386662643064326261363564336665646237626136646463616630393839
34316136303039643166623638353630343236323436663635666335386335643538393061396466
61656533393362326438313133343363366330626231313233383838613963373538316430323834
62656162383130386237353134363735373231373637346165396462663866656531363365383263
65646131643864626536356465306661346434316431643862343231366364623535393366323166
39623532623131653932316362333361653865343736623538373736626636373062616130636562
36343632663133653531376537633566623465633865616435353362396633326630343139376264
63333836616636633864326336623531366339343863613962636564346632393164363965366433
30613234326339343165613832306162336665326637643363633135373830396234353166396162
64623863313331653134366537323032663666623539353864633463373739323962383066656465
36373865383063613436336438313462386233346266626431386436656564366263386630383938
61643864323338613434393266633965303265643333623365383361663263646232303464323832
35663663316462356566376430373761303564633662333963316161666261326331633363623565
62343361643065393736313966646631643065323338646433326332626333636137306666636237
61323439633531643136383536666138333330353066396632376435613165623335353236376166
66666237386230646235333934643961333465653638393961376262613937333537353764376339
66393630636430666365646539626532313737376337366634343065636165353166383061366333
35386234646566303931393335313631613038643861306238663433366636313133663862306135
33653565323838636133616637326364343033633033323737326665353432363537396438626663
61653837336637623134353132326133303061656162356534623163363537323434626631316639
64346133626635376363393730343936306331326537666366333734393833343061376364386335
39636639323732636461616339613735323466383531623030633735373235643366363966333530
39666663373562336366313631333661663537616638633732353564313963313637653237316534
38633865613738363934383533396633646162353633363136366139303264643239653061343862
62643137353664306530316364356261653065343430386364393162396437636238326337666532
34366632326665643334616364366438363235393730373461343361626139306262383932346130
66373733623731353438393965623161313166336564643235326263333934313366643833313562
34386139306634666566306663343163653665386536396365363237386130323331393736653532
35323136663361316434333334366137313735633533353931636235316333366430613365633265
37323730336465613239666365313834353836633434333361663239653035366337633063343162
64646234376265383739613737613536353335343934653362626138663461613738643430646265
65633031386361663031376438646131353739316236363862316539333365373332613233636433
33353965393232623939666362383563356162356432616439613031616565323139656132656333
63373863313735313535323561643562323239393732663163316165393866393163366532626139
37616630623436653639313763353563313737363066343339323536623064383666316334383736
62633166653133383062373530643030376335363337633231376230306238356531363665383864
37373933663938383663353539613361633764393733306663663230393462336538333365656661
66613132313735653135393562356130396437663039613566393664343835343635383533323134
32613162613561386233643261373362653339313830386666386437333136353835306564333436
62306664303332343432363436376133656364666462636530333965613434316664393436643033
38346130336230393531393961643964353237303736663364323436333335643433303532313861
38616135326665363531336363666365313033326430616631636161303564643537613433383235
37663432333038373565666338646465616461393764663965343039343933656339346234373034
36336332373065636361353866373931623731356563343734636239616261623234656232363039
31663636323965633435356236656237653564396439323166366538663038653838343032663438
66666366643039343835343462336432646466653038333835393061633535356432653434663762
32376333656330303662313630303531646333653032353063336466613437653432663830336336
32346162656538313663616635623739396666336237623538323039356339663564316535303764
37383862653530336164373862313733386563373865646263363563333862383432323563313064
34633231636438343634313339383363646363633934386662653234346264623932323363383330
34373232666461386465303639626463616562323733663265613666396166343432646132363561
62363463663566623761326463316661356331333030626666386438643739366636366334333061
63313165343135326463376335373935353138323833386638376264633431343465616664646235
33653238343634373932633264333265323165633135346265636630386531616138656662336366
37613965613931623634396563383136326332666431336262373634353462326136646137363235
64653730353434663663626639366463373463303966636261343037626331373765666631383439
66313134653737626364666530313865663666383438356539336462346230336363336136366638
30363239303834303736313838636361303431623232316137383565376234343936383132303266
33393136303064356135633064613432346561376361653163366436373631303133393363353934
31316235616461303031646334666136333366626635346134373463626562633734313531653134
35343235393662353937333666363565333636656638663538326666323939666231363232626265
33323434326366373534376131383332393666353439326436653038396437633066616465393331
62366465633866623437323361386234613762653636366538353961343734316232346530623039
61353162363366306262623261313361386336323439363230393461373465306336656539336138
37613932313935623532656262613030343738313364633064643365326236623235633431383766
61623236336434386530303834373330396635306233653561613236356136386138346338623361
64363735306566306338326331666464396531396663306165313962326230336364666333643635
31663331306536333762613239373666376465383335613739336364666130356638626563313065
64336265383334393233656232633539633036646461663835313061643131663930393563623866
61646431653330633739343161393063326532383163326135313665363864363739353633623366
39633661313836663430633765373361373361356463633864316233306533356432653232313433
39616263306137363234326630633966353565653061313062343231353733633833356132333938
33383765343235653234346133356136336665333530316434646562336536646337323433393936
64643463626436313433356434383732333634306632363763326666646332623063633562663838
33306264366138373538643831303662346530326263303165663934646462396661363364653465
37663338636437346536393166303133323738333966646363653334653665323834343039333662
34616463333737316131343136323639333936633061343037626661306630616631376535333262
61336165336636643864616533333032633666396161646162633561616466313765393661373334
66613461623032633832303066336161633030353766343962663334626663393233376666646262
62326537313265646161313864353832643036643635616130633639326236316364383831363638
63643064313363376561636533623562383861383137613737396130653235363962653062383361
38646639306633306261396333376564373936613733666230343930336339383434623033613735
30313239373266646662313163643032316133643430356262306139373536363838323235373863
34316538393566323062353136316234356236326465323163656439636433356238633736643838
64663662626165323463663838653235343031633763373831366561623537636232636661383236
32663261346463366230616565373666366262346335323839383162336133623637383563313738
62653266316462356433363430393938353837376462306463623839356431333035316637396230
61303231363035366432386638323065376663333238646465383435336438613532363464373734
34346162656338383932643465376139366232373862346466643333336635363063633938646564
38653131376537623437633036616238336565633636333634633033663033626134316532363062
66386362323862613566393165646431386234616132323838613331333339353439393837323932
32306532633230343639396566363736303461653538336462376432356234326463663061646262
34383435623738303237326634316634396234656431633632636132613132323230383135373637
66303638353664346362396638323438356536373265303832366438643935613632323136353165
31636266656135373764636364613538613032323432386430343265316634336633393735333761
38326536343964356263356538303530336263643161336637646466306665616538323733363834
64323062316235366566336232306636666638626336376464333261373563306436343861396261
65366131343963363664343363356262386561623037616434653233613036333830323361343932
62376264666161643737323632346135353663393664656264366432633637376662393431373136
33323233366164643932313732616662343462343466643532396266333235353133633437313133
64373836386235333130376264616261346532393831316664653235663265363333633137393465
63303930393666366233306531326533653638376338396362656632326532636362363866393437
63626633356263393538643532346362666165333436353337613337333866386363646231356233
63653765353030373932666332643765353233643436323839306632363539643834396630393339
30663438343438636338656335626434646132353164326461616364333239323166616461383166
33316330313766623238373630376633626263343733346461306432623734653161383437376533
34346639306334383665353233313832346134333133373834356663643432633331373434663161
36636462393035333165363433323735313039306333393034396435323732346565316339306330
64336337333732316562663333326530386263333265343163373939303561656338306566646132
31643061393965313733393833653366316463376336383166666338313365313863386562613534
39653965656561353136323032663834653666313161323836306332646539653735303033353162
63306531343863346237346165376335386666633164613365353434613737323932663139356465
30636237306261333665643965396362616464653966316334356635386666376266356638653535
66323533643235333366666364303966323534663565616162383130393266653539666530343066
37326132373834626139333035326264336332663164663462306264633537666130346266333066
63333363316662363261316364396137646237336634343530663863643138663136616362643537
35623631613963613834643764616638373339616564383063386661306538346239383839376134
66383035643565616636613365383232336161656137303333663737373438396263383666623731
39353237313134316266646639366234386437313238656661306237643537616136643334643433
34396639383161636239393734623339393432313362313662353938376139313166396564653438
32346531343666626462333662333461393162626566653161306131353030653362356335333738
63326363316437313962643061633439653864303265633861363239666235306536653438616439
30663463643738666264316638636366356663613336333763653433636538613031366264346366
36326332323864396332373839663261616133336330643237316632633732613763386236313364
38326333663331613766323136626633376264316132336336326162666337663137633931633034
32313363346639313966653962343636643838343531313637653961616231306131316532393062
39323462343439323536356439316632343366646535646463616236393231343736323035393730
66623732363431643733646436323733396262343264396561623164316638383137646431333431
33353062626463353832613765623035346238366236363962663164343161393065633939643461
39653733376536316131613230643831303263396363646135353764353936376332386434366432
66616536633938613532386165663661643730363463373463336662336638653731396333663332
32396564616466393064323036313462323034643433333238633666653734313930353161613763
32373830323837383038623331313362353939646165646136623666326239396166313062393738
36393964396630316665356366363966636135383531646635636238643639666165303661343232
32626661383032383438616137386466663631616337633831333537353130666232376536316635
30656265313935386361663266643239666662356263613566386435356432356365336363323763
32383437656264306634656538626337323836333037326365303861663739376437336630353665
30396538613334623335396236356165386535333234666638393833663231376336636162623735
30323961616663336263306364396137643937376533643761323762373832366136353335386230
39313438313035356333626361363966326265663661636263366639303238323739373264393362
32653733346432353837666539373937376663623738396130623635396462363766386239353939
35643136356433623431323866303339393139306531353033333964326637643530323434663861
61366331366365653634356132356235326335393062666263383164383731356666303564656661
39656432346136376630393430343063383366396537313531623661646335383362666238333765
39653663306264613431623731343238346134303735356535666466653332363463393839386531
64303939383535643261613333623534633638326665366461653035653936343139643031623733
31313365393430303434636530346132646334343035386639316164393061343233376535613764
39626132633662663565643063613538373337323035376433636333366332633265343764336432
34326630373564333339653136643237643338366336666434396633333165306336333033373566
31623239393439663864646265663038373831633137663532616132383337336361343063326133
37313737303936356166623461643764366232383230626132653539663030306335636232616265
65303435386639653633316433356432333263336164383465393736633666643066363361613963
39383038346131316531353935653163626332386431633063323136656333663864333739636562
64356535653437353736316165303661613733643132393231616566306633656138656164373832
31636639653036333564363735353563393930653131633763656436343034303666373962323362
34393037343162353938626335613966623038663361356235636536393564366337313462363632
39633035633461616365383236373938373562373239353532373930616466356431613066613063
33666231643838336338626264313838386161393631613136666536313065363337643638393139
32393536333837313338366639623266313862353366346664363736316264353132626564316466
31383830613161663839346364643130393565363237653936363964316533656135313963353635
62333030613463303335366333323533396266666131646630363765383861643134366535353062
37646561396130636435636330646638616432353566383038643561353632316136386535353536
36633037373161303233383465333039363464633038616266353333343535653362303330396163
63303562336261643736373965626464313666633333303661323763653438313864316339323930
62313862636365393230623862326632346139643665373765343233356133393361306561396133
36653636363738363535653764636464643437373738613764393537353634336237346565323139
31666266393962353637633261626237313839323436303137376630353466383837356263626265
65663531316532336365363537363966616136356638306138356637316561326236663237343530
32323935376565666361663231356566303234336431633834336431393833303261383562383335
63333830383762626133383761643337373864613766663532653038326231396233373939373563
33616431323738633339373235656435303130653831643264643230663936666237346561636535
33653065323561303033323562333933356436353532313861393730616337333635663136396565
38623535356231326362613136313132306665666238666632323963633634323534656236613735
36306634316162393938343434383035373038313837333264363139663061386530663961343634
62633666383166346132623533633833353730643838336233366336613833663863353866653739
62666365343031346432623431343138333739323339643330653037656638313139346461396366
32653463396239646430323831363262383761613030366334343931626233383866626435343637
62343631313436356261303238306331346135663761396664636530306663626333316335323065
34353265363937376566653635663165616263633032653537393538643631393166626664633963
37306362356430386636306263396535653230656533646537633335396463353639613735633761
32313135623334626231626535613638633938396437333963383564363663636235656339383330
31306632346464353639643265343332363335393331393338643662623962663661393538386466
61656665616566643962633237356664393432663561343862383261633037333936373431313065
65326433353630623430646138366432663765366534396435613836376265366563666539343262
35326432396566333837636232646163323132373333386535396261643031333162313939373161
31393334633361353930643835363633343532393836356464323139616264386663396534613533
61616434306166346666353165396461663239366635343664336236616236386464353936353664
64313237363365313034316363363062373439363565343732636435323630633638373264343233
34303930663837306161323131623934643832373561656231346530323739626634646263633435
35663337326639366534663261363138373765383039646636303462396661336561383863643730
66353663393539313862623563393934643534336264623364666338613835383539653932363036
61343730306134623231396264346661313232303665313439303730366632616661316136393430
33646330653734306437636362646130346664346239346430623233616563326365373130356537
62656239633131666361373437353934333838633634613433646233346537366132356234353362
30633864663962653132366431313462333032356263333333666638363161306562333739663363
64333537313131323962363930633934633761316236633435346435626165666435303165656365
39316534306465313431373133376330373962373431633061623133373138646363313663666335
62313534313663613865666161373265626431626634623937303237366639376630343662366565
36326561323661353661623965373238323063346639643536353965393061333264633134393535
65613265396335336237643531306537396136366134336638393262336334396132363866666365
33636334336530656130346530386663623832366464343536323739653264376639656162393339
64343066313630656436383639363466306335616364333233333062383362323064663863613034
33333433663636623739303361626238373134353536356331626438313930356332653261626163
33303739613236303633313330323065646432666665393863353665643937373030653262383431
38336466333566626533613865333633383730326365386136663565643439303633333439663733
33336665653936323261363765343735666261316238623637393263623162343165396136366339
61303966386232303430323936643230656363393030373939306435366565373564636539633966
66343937633066326431333531623439346138333935323161343765306165613966653534633830
31323833653930303361363035313539386437663233343365366133356662613462623437356162
37626665383033356130383862623737343330376335643933643330323263383437626564316339
36306566653965653166666564336533616635646134643534376233643362366131613836393466
35636437316539666531616136303536303430363364636137353761386462386432653265356164
38343533313964636636316561343634626331346134383165396364323165363766333563336166
32356336663136323138653964623935316363636534336639303937663264393266303830626661
35363566376164333966316638623935626531333763313636333535373337613965336632623538
30653533616263303630303635356263346535613864376165633131633862636530306232663565
33623464383837333436616565353061616464303933376331303832633166646166396661326230
33383264303765633638326535383936303034326331363531346134623266383438663632663831
37613630393836633731653330306362626231393437653361393635353532613435373365633065
65306436316461626331333732376635366366313035653735336335346666323764346233336464
3165626366616565383365333731633731646133346365346531
