$ANSIBLE_VAULT;1.1;AES256
38346230383064326231653330343533373438336262613663383465383133373237303938623330
3537346536303466343738393634396265383632393738320a623231303433323966616263616431
34373038333664636163363362336537323531613432303466663365366662643531663132663963
6665643363366335610a373865323637313063353138666561363565326661336230386139343562
38303262663935616134623730373330386337633338343763623339396161653337623965383438
39626130303936363935323135343532303063383536323239336336386666653561393761663163
33343363653162656334653566333931653264303265626239333163613434373863326564663738
33656463396263306437616238383561326631366134393637303434343738663433303933333166
34663030393236343233393963383738306338663037626666666234366139646634383832303336
38653434376139313561393738303930343865663739313930303630366365326133653266616131
36626266626561333662626438613631646334643031623736313662633031363439613634356632
30386562393937316665303436366132373461343263326435383366393735353835643332313136
37653762363937666233323761333734636435633534353433326666306366383732303239313165
38323835663231623366323563623665316464636564393466616238363930346666366263343563
36613761386666393434656163643431623233343366336437626664626565386237666235633039
61303634643830323939316664383933336564393737653933383931346439343664383762613239
63633464613965346136303365316435613230303162613764386461633436653335663861663332
37303266666333613265353463653339326333616333356364366361346139313634326166393238
66326262356561663265323464353431306535353938353035326131373039373534373637313162
31643531373431336430303263383363363463366634613930326566393131633531366531643130
63383061623034306135383037386162633038633138373561386330333765343731336439313236
31653661316434313636386230393465383331363763343037356261623736363965633634646264
66383130393161343131633738616135333362323862323130396433663132636133343533333534
38653364613061376537393666363565616561376363633038343564393663643536613137666666
64636538383036636439383639653639343265383532353666376234356637323964303563363662
34393365343039333936393634336666303261383435613837356463623864633938363836656335
36386162323334373038303738343235313964636164653234643735663536313035326465353633
32656566356565613765613036636337326530383039643566636162646161623333326537313830
35636562316133313463633531646163646330326631656435653130636437623161653033613339
64613662663766653730613364363438393636663130613034343762623534653566323235386238
61313938336230363366653966393263396336613961666136343039353539333337306435623535
34353366303535353038323439666163653261653030643431323662613263323332396134333166
36386536383963383062326539643535636561306561393563613035393136656238313638653135
38643365653561623632633064656636396432313237386234626132646632613931633834333565
30633137333331656533343966313764656438303135333332326666653535376365653334386539
37383631313437373739663365616364343837626461646338653864633964613863316336623264
30336536376336636430646335323430356264393165386333373237316136396465613339333933
33663764643135663064323533306532643338316539363464653563616163333865663466333038
36386131353165373765393937313431343865326466656236393138653337326461353630626165
33363764326165613538383663396363316461356565653165333836333134373465326139323939
30643363663562373061616366343433373539343562313939613633643836663439623234636265
34386630376633393136346538653530373561386130633935626237633536343738383037336330
61663431366134303463356133383561386438373064353233333239356438383136363764366235
30363362653538303662666239353038633364643937303564613539323535306639366635626638
30643731323135303138323930663238346331643333323265346530653532356234326239303763
62663938366266633465353638666538393565613531663561643664326539376164373434326232
64373461613138393630383730363164323631376437306335393234633861326666623938306332
35623062643537633935353433303632636436656261366532656632613763666232613834623066
32666538336330326439356562386462633130643935393263636133393731363932346237663836
63623834376465643031376164616533353365383838316137653766376662396533623063373533
37613963303535343836653732333131346132613230393132346532396664636632643738633634
35633462653465333461386530323561666131653065633336326135313236356663303862303132
62303066303766323938646162313437666239393466303330326430643063663035356237666437
64343931393462653937663565393330653733633339623036313765396364303737373862363831
35353237386166633038616638623938643735653836303462666438343161356262363064363636
38633864336466666465373461663266613636336333303061353063656134353239376161633034
34653334343663653465346461323030623938633130383335336137313465363465383631363836
62363365396161313564363430663938323764326462353564656139363034636161613766653433
653534366532353336313037386139356432
