$ANSIBLE_VAULT;1.1;AES256
65346561633064356435656262666130383266666563393633336235666462663163633265616430
6562653430396263643533306466376163383161636565620a636138373439663134363563643337
61313237613763313433393935363761643337373061656664313066613736623035663339373132
6362646362316461330a303263326261643032303937633334323136313932353865393961616239
62326461373762613936336431666362653438313235343236303838383531333433666363333739
33626336616434303163616636373338653030646134666330633966353832653164396261393836
65653264373564623662323032633635313136333763336663633966636237303838653530303633
64383561373037396138623636623436366436343935613338393039636666353064363765336133
32306432336235353135646564613539313236356561646161386533326533616236316636363166
61373763306234393362633839333538333037666231643266663963326266363438373432303734
31393161356663323135313538653835653266383031343734336263663162333661336430623064
30393630373565366330386237386135663734643766386130353937343239623136313632623636
39366163616331356337633939336331326433363431343063306337623936656639366136336661
66623634353336643731386636613131383135346539356138373638386262333233633036613066
34363937393863303664383566333961306430316633646565316631646661663463653235383932
39643063663334613831356133333739306662643536396262643832373834336137306530353563
35333464353030653861636538373138356661333334356232316465376435366537306531313732
62353963333563663734376439633463373136646162323039613466333532396164303537373539
64613665323439306662363132653964376465333739343137623032626332303263386366333539
64323966656362316134653965363439366566663962626536616437323539316661376438393361
3932
