$ANSIBLE_VAULT;1.1;AES256
64346265383262343733323439653931376237386338383937343634653237353233633733663133
3638393562633461313238656465653933626561346439610a623637383336306165613737353734
35643434303933633361623735363538326638373465353137376361613638633337666336663662
3237613330316632650a383236653632306130356436383934616664653063363166353531366534
31626361373961616237326166653437653736646333303162643332356264653137343163366432
30333731653132356666333833626463646265666332326238386365343662623732613934366633
36343761636166313764626338663162666262386364656261666366636432323832636332333532
33306539396562383531356330643361346238393864616531333030613532333431303139353962
30643664396339303862613761346564323734333634383065306233303632373063633662633030
30363739643365666166333261316335363036353661366439376437653734653464306166366431
66663238383965336135326135356165363261333738663461383166303262343965356362613830
39633630336465626130656636303933343536383934393230393734353461363537623533386137
34343032663539326438636236663437303536613235366238633833343530346137663162623065
34326463646536323138363165306138333938636631343762343762323636666536353937653239
35353761396133373831646335613662643032643962373331643333323639633461643637633135
32353734346332393231363361366636376630336636663832396135636265373562313830386636
36616662323538666430363733383234373033666231343463623365396363323139363362373232
61633932313166333163623363353330303036306464393532613430326661663439623032396365
34643062356563306533356335613262353533346666356130336336623535626336373463356337
62656539386635643066383134346431343234343462313430353436316363666338313439633166
61303038383663366539653535303038353864383062393962646435356334633632653331313931
65336162656334646534353031316334666364343535336562643133633065326663306364333638
34363638616438376463333836373339656235643035343834326533376238643163383461623237
33303663653134656363643834633535366566396537353136373866373834336537393166633538
30373432333432636131343962336336383735313133333336303732643539353239643132633865
65623965623361616131303239343039313161346132343236346366656238326431363633386138
61613063323262613237303262633036356266636332653061343265366164313437626161353063
62313761316264633563363936326538613332353365303961653633343738656233646366323330
37343165633365653432343761666335616538333339326635643262663430613539666564666238
61613462633866303436613336303564313033376661613036353064353165656233383934306336
32393862633535316534643730646664346234303261393635306233396135303931643933663461
65346665653162366265663130626363356139616532383761303839643732313962636461623636
62326336333064656563336332653431633834616332636535376331636139356334636262393031
36363934326261333231383366393438653931383134663137666132373935653538333165353062
63646434373135306435636635316631613864323531623161303937633434333366626264316464
38393433656361383165666162376163613239353466383961303964653562653866633137623734
38383063353132633734383234346535396331363033356233383438356338383738373165653838
64333438366337663037363737653938353232636434653166653430613831363130393935383230
34396533316266373864636236656437393732386639616330383232623562633938363362653636
66373561346265393661343866353432353065373764633031343939393661353938333966323639
32613065363434623630336365353432393062363030656631323035653663373938356564616139
34633563366266353864343339643033343662623131616532666435313731613132313532626266
30363034343334303838333035316630616332643631343133383731643531663333313961623939
66303963643661386532386664343732386637356439656266313032373231363637303535313665
34626337373235306536343838373434346439356661363538373166636165373635303364616332
32393334373233313365353937366433353434356564303363663532643631383865366166333065
62353130623261646665663936656266323639396335323133666533636538656332326336633534
65613634636232303134653335396138396538396462363535636463646666306338393730336461
32323635366433663532343737383563636265623066653665393136626438373134633336626237
31346337346661346636363835376363653531633766643632363661356661383162393534663432
37386138333361663566383739656164393130393163376339616631323033356637376465383263
38646663633438353531333131316163316331383635373566336663626463343735353964323134
63353535646230313831613639313165643761663663316431646232353932636361363131323835
37373636303836663336616630326161356133626430313462636664363266613631363261343466
38306431313932393934306633333065633133613237353436356331636362303233373364393863
61363265333433333864363164383936623438306264626130643130313037383063366237333834
64353337613563303134623363653130353665663736333766623132633735613633373939623463
36633039393535643936626136323365363839376636376438356439383931336361633636343537
33393938653838663966646433353237386237646335366661373764626330616431333464313539
61383138323362323235346264646262313564373262383939643162626239396166386133656332
33376663366539336337643930666464633264343961366530333534633735613966393463303038
34386339313066646562376638643965663134323137393437613235313162386530633236383865
32336435633563313963633838666361623264636562343661613539356436343833346539303066
38346238393137303338356562623135633032376466386165343634306138336534303463326561
39643761383538643737646261343831343661663163393365363635366633306462666233376437
38306435663735376463333765383735626330656539633135306264346161343864653032633237
36363762323934643433363166313131613438623838623461313730393732626331653061386132
37393066356132663930623637383534363638386331303437376665356361333862653432353932
63323764316334323539633362313137393662653236393836343030653835323462346130333537
34653330373038653539623031643561633835613433393432306439636538336130363435306535
62653862303533363861313836343339303062653863663532633234373634616137656532613032
65356434326439393733653430666236643630396138353861393538393061376263663330663764
66396436393364343731363064313330626236643339306364643231656139313533653661383837
30386336303861333764646434323139393064616139666661306336373932393631363733323062
36346130323232626566633436396263653437313333353738633237323464373139623664386635
31336637393566663234613732373937333334633833323335636263323831323537626432666262
66396538393536306336303134396137323231356466656163663563643861623232316239333531
35363239383431386337323133663866393136396431393033383031383834623839353661363633
37616532343839336165326338366638386639663034386139383330633634323936326136663537
38656338363130333265383861613634346364666162373165666435303462326435613466363165
62316139386566386366323130663131343266333539326430306136303135623832323634396465
62346639343030643230373830363935666330396665636163366134656434663262313835613234
35643761323234386336383461376231356239366333643063366634323131343333373063663165
32613265626634633837316661666666336332376437643838366634623536356662313135646562
31356238396261663530386130623561303838616265626666363734353531653766343365303735
39643031626261333233323661376131336264353335393963313164323332396530663463326365
64356238663561313737356165653262373939623433366161383931326466323432643135383836
36346635326133353964616565393236656630393563643537323631373037386535623464643135
65663139343065616661353965656665343135376138643964633231306466616462623435636636
38353533633733313239323330363935303938616263373837643361343837323835303137306338
36373432633831316664626265376330353062363261323035316464306333666663373865666533
30303262323964343436663735663562326238393739313734336236336338376133363565643736
35323230353566353764343033306366306562663032636631376661313330356637636631646537
62333133636431623461393331323839356638376163386534363935376164663533303663333334
63366166363364653735653136343662363432333835666234653837336665363933613162333038
38616338306364323361373865653833333938346338666634386462393538613134646431383764
35326662653236373036336134643939386161643438313834633038636131373265396330613539
62623933656339386466343434653733626335376561323966373536393763316133663734353762
63616437613436396163326333666464326264336362366536373561383832663733303932623134
35306235353731666633626539353233333739393731646434356163306131623435386235656638
62383435623265363635613030316461623035363737346335313234323162336135663064323639
61663631346232306236636262376338303661303939666437626666333466396239636436643337
64396337383763313864636135363031346433363832643162653638626631613736303461623862
33363264663835643962623837313661373164616364313034656332653039666132613238643665
30366364386563326231333936386436333632373632326634633935613438393265386630613830
36306432656161613331396433323234376265666262393033313863643862336330353930373231
38353639396434663236393232653538326361336333326532633565343235656336356362663938
39653139633464313135303461616164636638353065343931323431346236616439613531363464
63313430376338666564323963363833363738623963313363323030346332636465663630366564
65663532333936623861353834353066326533393133393163663132313262366564613333656433
38383039376364303963666362373261613261613539346530363237333533323137346439376165
64356466663561666337373463656233353335313134313439326538633733666430363664303765
63386135336535623331633163613031656134653435323561336661396362303762316161633435
37303832656561666636636636383862343963646663613335353265376438363763373734376566
30633236663839646634663762366534616137643963303333323964653564316666653035303635
33646264646233306565383538336436313161336132653833323736623966323633323161616133
39383834613434393430653162333866396461333564663131346437613936383936346335393930
39376231363463346233353833643835653165366535393538653139373932316232636437643462
64363461663762613631373033636635643438333630653235313133663033633466306338626432
33623566626539643636366231343062333665653164626162393962613738663735643063323436
33643834633330363233333630303664646430396661333261316430636635636135346266386639
34383534313637373136303663373161363937393239646263323666643061643038353738303932
62633238363032663664376535336536663331303330303832613364313534366533613964313962
62393761663965363930353839653662653661303836653131666635356635313461666430623564
34303431633062363064396565313637646164346461633461666630303462373864346133393064
37353532353538313534386365636164386236333866636634363332666133366630633130306434
31616633366563386431306333393264353237646466313166663533653731316335373737353363
34343232306437653465336330366130393136653934663633666363346538623239336436376435
66353062303336366436386561646462333830303939313264323738353966366361356662333032
33313238366136643134316337323834626435313630383336646633383665636265623036306439
38323830326663396366306231663631313236373138613136643735616234316436663063666332
35343938373235353038363530333162396465383932323736383539646237316433343630383365
65646364333366363866623039343461613963363063613866333061396432656561663263613032
31666237396132393035313462373634303532363162363964656566666561306237393835323864
62383362323033386663353335363037333530323361303934653935313362383034313361373663
64383066633761643263333339386635353765343962343139653563636536646439643334636630
61353536343061616535396635663165643439356463366231643337613930383638396663326435
66366433366231366132393234653836383365353631653131666137666365616631383830393730
35323632356330313630346666373535383031396531366265656265323063623362623362623031
62623235666639656663633732626439333631333730333235363239356161613865363564383832
65353938353533376238666130656366613865353665386137386364306464346163396164303032
66303863663863373931616237636664346332376339383361346664306663316233396132656334
37613337363563306631346630306238363464333937633736353538663837346265396238376138
63343361376266336663313462346630376530333864313736313763633337623833616431316432
39336137643036626539636131303962343164653733336265653034616564656537323039656136
35376366313132383432623963303635303864326132363539303834333431363362313932626532
32663461613164363030313936326131343033353335626637383736383864333932323331653335
35326330326231623963343038333831613365376362323530343233613634643539366336626563
31373031353135663433313561656338386231323435626434303834633139613337366161356265
35656663323937323832326663373930653930303963393731326638336234356265613835326563
33623866646663333761316632633861386338383263643466383439383764663263336164386362
36346163646364613861313665386438613333393664333961383065383862393139343632366339
63303961656432663639646433326432656439356536613138613666376661343939336534653736
31353634346134633765643465376665653064646436363137303162303162303239343939636366
36633264383838616633303334653462363565356463343037343137646434643535356131366534
34323838353064636663626330333132666661613730343930663766383762633831303839303139
36653361383962383336323062326266633537666162373837613165326132366536383865656461
61393639323964336136376163636139363130376432383535636337326361363363313238626433
34346434633136646164363331633065383062313933643039316630663234376332613566383765
36353933383733393535373136306261616531636662656666656134663532643166326664666537
39353138666636353538613035373033656563393362356166383166373033303538386130393263
35393061343537653734643165363666623965303661663165386563396334393233626531643639
32393033643237316564663531353136613438653534373330363863306465626461393864366431
37663865616333386332363836316434383536316639363565316165313765376361633466616437
66636163656565643034363536366661626364313339373339636162346135366431313135353635
31356563393337376230643036643161653864343332666536393337376235346164666466343365
63633732633530656539633432366237663465316632663537343938303266663332343763646134
35366662633366613633353830613265613039306466303636666461386437326338636534323031
33666364376262343934373861633465666661353230633864623931343536663166613132343436
62633664393939313666386438636635363364383762353863663861316233366464393834633230
64386664313136666535346165653561656662623430363032663066326139346362316538616338
32643931303433316334633530356561353137363065373937616363333062353362303838343063
36333065636662643462343831623933393765613961636632623930343164343136663935653864
62323363353262333831366537383235333563646136346631383533383762343436663535326264
62313936376435316235626665323364623734626239613963633263636163663431336465333039
38633732343332323334303736353962303430333836643937356239343130663038393733636238
36656633636363633938313163393636366262373537313562373861353066643333663136303937
65383263383632393332376230636635623539383961623230373938333338383561616162316461
61376236356363346162393639383937343833393139363865373966623264396166643963363866
32343133393861333838633366313635663334386435323637656237396236643337313032653465
63386532356435396264353735636135623730323965343462656137636162373162376235326330
36316130663839313834343830623030323061626533663231366239356133323831643464643035
35363230613930613231336435313135316661373961333062366538336566623230653666636563
36363231643335366564363737373234343136616164383337656166386161656163363539353964
34626339386236623130653730376666666264313834393866613535663061363364333464326366
65643161623731333832643833316431313830633439643638383439663037323639313066613630
65336464643562646165386634656435613461326131386230346461643566646462383031323764
36376562363233653437343362396465626630656131633661333165643536613732343266356362
33613036323738343430363230383465363134346137623465373262636261383066396139336532
34653733623732376264343035613330326263616166336338613063666239346130373231316638
37393262666231373038656463316661333033346432663638353861393931313334343136303964
62613766643630326635623730343737623635303562303738633731386134393238393132623037
36303639656637656336343661613164363036396566643434646661643862343339653338663332
65383961303237303530376662613030393734656135623234636537316437373965393636393033
36643335363163663234643863613331323839613730633839386466336265626537313230363038
31386538316537616262373361626632356364613732613362333866656237383538316631363238
38616362666435333932643836613663313632666330663666636337376631363734623632303963
39373963613734326531613932343663643261393330623930386335653637633730356536323438
64323461326261343664313833363030333161393363633264656332353832353065346435643061
61653463346333323533336438646334323737303363356461343238373932363264656538666235
37356437613333376333306135656636616439356466363265353062376133636365396637653830
32306562656363336535336535356234636361613530353039393630393133633839303530383735
30333731656338613737323363623030366237346364633435613963613531333730373061306433
35306439353733663162623138643335313439306233626566393963646566316238313366616164
63316433393963383935613063366638366464356437373163653738636364313539623537663131
30613337346161393136333135636331396233316134306136336563333866343761323038356461
64396663303965313166353230343861316430663764366634646430663030613434383962626535
61353339306435663834386264616564623161343563656137653731383135666337396464353731
66396562366264666535356636323836353531343033376266613764323263623435623339626331
37633736333335646561613037613433356231336236346365336162366230393064663065366362
64303332656634306132656465636266656438643336363631653063376266616466386262313738
33653637303435366665386661316662373461613962353833306463326264366636383631373236
66323630323063316230393339363935353437306164303866646262633561353638323839333837
32623834383463613637313763363834303237613132333064333465663234383935343034386639
37326435336333626665383865333631656239376330373833366534356661323439366133633030
61636665346632303261386233336538326333393538306236343833383032373435313938346235
63633334316533346331636230343562336335623666633232303864643136336237633439623566
33616565663630393136663635343861346566306236346462353938646561306565663030386265
34666638356132636161616265616635373162323462316262313330353463643232316432663065
30383962313736346365333063656235396233373632353639393430626366616439336536626438
62316435633365326332303033646237656634313930323763613366373566623436323539373638
34663637346230383061353336393633643562333633653964386332346237373066383930356134
65633833386432666662393634353566653832303166616337613438396564383633316335366332
34353034346233333563376162623934623731663161306236303637626432343764303131313163
61393436393338663063393138383661356163383761386234366562623334653262376664613437
34303131353731353565663861383131636532376466323838643632366163303933383832376339
37303030393334363161613934356565353961383663643261333533346132616565393831653136
61653035343034333532613033663738373536363664323036346436306337393361353231353763
30333034376133356139323461323131396139383162333864323965353764643034343038303430
38333061376533623461306161316335643066396333613633366461633731333936396435303566
63633030313637623033653863623230353039623530326561633539613663643762613464363935
39663764386532373035373732343436653636633235636332653862333865353736353937643661
33613333646439623263613131373238353733313030333061376566646462613538363439633566
33346565613063303034633461316161363465393739616464316261363262323461383233653632
35616462306534613566616135623934343066646663613734363037303663363637303534616464
33386630623133636633623834663832653261396134663733633434643866343930616566393736
61656132353531633237623634643339386437613962383832376537613566346666323463393736
32316466333134396133333734353061656262343336306264316338303562316233396530656361
63383830383233643435343832623761306534643661356631616139633866643136653936653636
62353136313232323930656335656233313134626265616266353230633661393865663139363830
39316634656135326133303166323230313630326365343536366431643135626464383562306431
36373534346136306532663730383539643066663631343831373764353436313862646336383862
33373030353262316363383036373032383363383464646462386466666165643739356535633738
39323537313135646136393631626137396238366565623539616365393435343532373634613663
37383239366562613638346364646633653766653861373165326362623438383766333534613865
37626330643532663330616530343932313064393237623462626237323437373164393562663162
61336631373535663864616264646661313736626439666164666130313237323538616330316463
31366631366564653566633032346136356239353838343133633063333665663663623664616237
61303034663965343434313536336131303831363530656330333866663236633535643334316439
66333231333337363237653134646636653139343565383364396362353366343939316639316239
66366437396562663732626263663135326664666165343461646664356264393034366662643332
65653337646161656364
