$ANSIBLE_VAULT;1.1;AES256
63393066613935373833303935383439393463636564626263383962386566356638396466393262
3762616237613231386365303837333865623136613931300a346132663633333739363032653532
36393335393662366338613430333537396532643834333662396361356635383465366136653265
6466303763373436320a623330623039613364396461333331303037346264303261316633616335
37363934333961353666356638633363373566656631393066313831616462663264373134363264
31316336313861613438663536643933656463666662393966373337643734663831643530323134
38393131333439383066346435313436646334323031383539633338613331386234333731623033
65366463636139373437303337316139353361653263633534363961343166333332313735656563
30373836663963386332373063633735643761313062633238383232643432636530383134376131
64663832303435326162373837353437353439663738313662663334336363383030623335656166
30383266336434376630353132623163393832353265326566356366336533353864616361633038
31386433386437626163383565343235613337393039626231303762653064636162313437353738
34386361653336656530346634303439346465613164386634656436636466643133366533363663
33623161376239633630633766616436306232663035363531663838373432356236653633316137
66636536323637666165313339653364353064646533333236633065643538636434336363313566
35623535303535393433343161663434626331353932653462313734313530366635353635373835
64306438626632393631313164616266323864326661313436343366633338303137316539646366
62373136316532653334366537353336313734383161366465613538663365663638346563356632
30306663363039626465346463323163376632613130633062386436623336626436313539666533
31623338633332393230636433636533366666623238386365313065373564636538316233383533
38316333633738656436613738363436353966373735323361393865663130353562376238316536
34656265633432336537393435363833323037613166366266623035613761373437633235386436
38336166313166393837303562313064383832653138366333393065373735306562653730343262
64653337663638663661373063646366303564636364653030633761306432633438626634646666
31386663623161316565393131623466313732396663663066396130396362353233393032383739
31396261363162623463613737643034373963346630656166616566376139383234633134396235
31616166316464666132336338363336333733633436663436343564373765653733313230373362
64306232333230326131616533323635633231363734373430623336343966656331393964653934
3336
